estimates.measurement[1] = 0.07858651699047338
mean(estimates.per_fold[1]) = 0.07858651699047338
