estimates.measurement[1] = 0.07388838342857286
mean(estimates.per_fold[1]) = 0.07388838342857286
