estimates.measurement[1] = 0.09856151328320605
mean(estimates.per_fold[1]) = 0.0951128565992118
