xgb.subsample = 0.6571428571428571
xgb.colsample_bytree = 0.8285714285714286
