xgb.subsample = 0.7714285714285715
xgb.colsample_bytree = 0.8285714285714286
