xgb.subsample = 0.6571428571428571
xgb.colsample_bytree = 0.9428571428571428
