get_mse(lr1) = 23.49399089500798
get_mse(lr2) = 19.287175510952153
get_mse(lr3) = 19.381831638657932
