e1 = 0.2581988897471611
e2 = 0.3771236166328254
emean = 0.2808716591058786
estack = 0.3373908215636326
