EvoTreeRegressor = 1.5015 ± 0.06594
EpsilonSVR = 1.06 ± 0.06462
RandomForestRegressor = 2.0783 ± 0.05788
MyAverageTwo = 1.1539 ± 0.0567
MyTwoModelStack = 0.85645 ± 0.0469
