estimates.measurement[1] = 0.08577092016110384
mean(estimates.per_fold[1]) = 0.08438615820548863
