estimates.measurement[1] = 0.08617251246583751
mean(estimates.per_fold[1]) = 0.0844329600043973
