estimates.measurement[1] = 0.08858361689207102
mean(estimates.per_fold[1]) = 0.08541584316608707
