e1 = 0.2581988897471611
e2 = 0.25
emean = 0.22126530078919587
estack = 0.19577994695380313
