EvoTreeRegressor = 1.5015 ± 0.06594
EpsilonSVR = 1.06 ± 0.06462
RandomForestRegressor = 2.0602 ± 0.06336
MyAverageTwo = 1.1539 ± 0.0567
MyTwoModelStack = 0.85332 ± 0.05172
