LinearRegressor = 4.8641 ± 0.34864
KNNRegressor = 6.2241 ± 0.44292
MyAverageTwo = 4.8532 ± 0.36264
