LinearRegressor = 4.8635 ± 0.34864
KNNRegressor = 6.2243 ± 0.44292
MyAverageTwo = 4.8523 ± 0.36264
