estimates.measurement[1] = 0.08632625417107473
mean(estimates.per_fold[1]) = 0.08466720374943522
