estimates.measurement[1] = 0.08524739829927208
mean(estimates.per_fold[1]) = 0.08385916321245417
