estimates.measurement[1] = 0.08533109274154715
mean(estimates.per_fold[1]) = 0.08396339178217188
