estimates.measurement[1] = 0.10592225645600521
mean(estimates.per_fold[1]) = 0.09988918161681738
