estimates.measurement[1] = 0.08503149347754926
mean(estimates.per_fold[1]) = 0.08330217016304647
