estimates.measurement[1] = 0.007293594101019109
mean(estimates.per_fold[1]) = 0.007293594101019109
