estimates.measurement[1] = 0.08560905340996186
mean(estimates.per_fold[1]) = 0.08423976327531794
