estimates.measurement[1] = 0.08609870565688287
mean(estimates.per_fold[1]) = 0.08477245634362869
