estimates.measurement[1] = 0.007350794741211419
mean(estimates.per_fold[1]) = 0.007350794741211419
