estimates.measurement[1] = 0.08586441300225961
mean(estimates.per_fold[1]) = 0.08427307487533509
