estimates.measurement[1] = 0.08569009936282307
mean(estimates.per_fold[1]) = 0.08412308869381326
