xgb.subsample = 0.8857142857142857
xgb.colsample_bytree = 0.9428571428571428
