get_mse(lr1) = 23.493990895007986
get_mse(lr2) = 19.287175510952146
get_mse(lr3) = 19.381831638657914
